from_stop_id,to_stop_id,transfer_type
80,79,0
85,78,0
85,79,0
87,56,0
93,79,0
94,80,0
94,85,0
94,93,0
95,84,0
95,85,0
102,71,0
103,71,0
105,67,0
105,68,0
106,66,0
106,67,0
106,68,0
107,66,0
114,78,0
114,79,0
114,94,0
114,95,0
117,49,0
117,87,0
185,75,0
185,76,0
185,98,0
196,4,0
205,75,0
205,76,0
205,98,0
236,214,0
237,214,0
241,210,0
245,89,0
249,77,0
249,78,0
249,95,0
249,96,0
250,77,0
250,78,0
250,95,0
250,96,0
251,77,0
251,96,0
252,98,0
270,83,0
280,262,0
280,263,0
281,262,0
289,253,0
290,254,0
291,75,0
291,76,0
291,98,0
292,77,0
292,96,0
293,77,0
293,78,0
293,95,0
293,96,0
300,89,0
300,245,0
302,270,0
303,274,0
304,271,0
304,272,0
305,263,0
305,271,0
306,67,0
306,68,0
306,105,0
306,106,0
308,69,0
308,103,0
309,70,0
309,102,0
309,103,0
319,318,0
322,4,0
323,318,0
324,317,0
324,318,0
324,319,0
324,323,0
325,317,0
325,318,0
334,70,0
334,71,0
334,102,0
334,103,0
334,321,0
335,70,0
335,71,0
335,102,0
335,103,0
342,115,0
343,84,0
343,88,0
343,115,0
344,88,0
344,115,0
344,116,0
347,253,0
347,290,0
351,315,0
351,316,0
351,326,0
351,327,0
352,316,0
352,326,0
366,316,0
366,326,0
367,315,0
367,316,0
367,326,0
367,327,0
373,253,0
373,254,0
373,289,0
373,290,0
374,253,0
377,88,0
377,115,0
377,116,0
378,84,0
378,88,0
378,115,0
382,338,0
383,338,0
383,339,0
385,302,0
402,250,0
402,251,0
402,292,0
402,293,0
403,80,0
403,85,0
403,93,0
403,114,0
404,339,0
404,381,0
404,382,0
408,67,0
408,68,0
408,105,0
408,106,0
409,8,0
409,41,0
417,352,0
417,353,0
417,354,0
417,366,0
423,352,0
423,366,0
427,353,0
432,339,0
432,340,0
432,381,0
432,382,0
433,80,0
433,85,0
433,93,0
433,114,0
434,292,0
435,399,0
435,400,0
435,411,0
443,400,0
443,411,0
444,401,0
444,411,0
446,353,0
446,354,0
447,8,0
447,41,0
452,214,0
452,215,0
452,236,0
452,237,0
455,353,0
455,354,0
455,427,0
460,317,0
460,352,0
460,366,0
461,424,0
465,354,0
465,417,0
465,423,0
465,427,0
472,396,0
472,439,0
488,396,0
488,439,0
494,68,0
494,105,0
518,69,0
518,70,0
518,103,0
518,104,0
519,69,0
519,104,0
526,68,0
526,105,0
539,126,0
547,321,0
547,322,0
551,210,0
551,241,0
570,549,0
570,558,0
581,549,0
581,558,0
626,594,0
629,591,0
635,609,0
666,641,0
667,640,0
673,655,0
674,127,0
674,128,0
674,155,0
675,127,0
675,128,0
708,702,0
709,685,0
709,702,0
711,683,0
711,684,0
717,127,0
718,127,0
718,128,0
718,155,0
718,674,0
718,675,0
722,682,0
722,683,0
727,685,0
727,702,0
752,86,0
752,113,0
794,50,0
794,54,0
794,55,0
795,49,0
795,56,0
795,117,0
807,50,0
807,54,0
807,55,0
807,546,0
810,546,0
811,49,0
811,56,0
811,87,0
839,821,0
839,829,0
839,830,0
850,821,0
851,821,0
863,592,0
863,628,0
868,592,0
868,628,0
973,955,0
1013,419,0
1013,454,0
1024,419,0
1024,454,0
1024,1013,0
1058,145,0
1062,679,0
1062,681,0
1067,1053,0
1068,1053,0
1068,1054,0
1069,1053,0
1069,1054,0
1070,1051,0
1070,1052,0
1071,1051,0
1071,1052,0
1072,1049,0
1072,1050,0
1074,1048,0
1075,1049,0
1075,1050,0
1076,1046,0
1077,1045,0
1078,1044,0
1079,1042,0
1079,1043,0
1080,1041,0
1080,1042,0
1081,1040,0
1081,1041,0
1081,1042,0
1082,1040,0
1082,1041,0
1083,1038,0
1083,1039,0
1084,1037,0
1084,1038,0
1084,1039,0
1085,1037,0
1085,1038,0
1086,1035,0
1086,1036,0
1086,1037,0
1087,1036,0
1094,1057,0
1095,145,0
1099,678,0
1099,679,0
1116,274,0
1116,303,0
1125,274,0
1125,303,0
1127,702,0
1129,708,0
1129,727,0
1129,1127,0
1130,828,0
1132,37,0
1133,13,0
1133,14,0
1133,15,0
1133,35,0
1133,36,0
1134,50,0
1134,54,0
1134,55,0
1134,794,0
1134,807,0
1135,793,0
1135,810,0
1136,89,0
1136,245,0
1136,300,0
1137,86,0
1137,113,0
1137,752,0
1139,218,0
1139,219,0
1140,400,0
1140,411,0
1140,435,0
1140,443,0
1142,74,0
1145,333,0
1147,4,0
1149,387,0
1150,387,0
1151,365,0
1151,386,0
1155,413,0
1155,459,0
1156,410,0
1156,413,0
1156,449,0
1156,459,0
1158,362,0
1161,410,0
1161,413,0
1161,449,0
1161,459,0
1162,413,0
1162,459,0
1163,1154,0
1164,1153,0
1165,1152,0
1166,365,0
1166,386,0
1166,1151,0
1167,387,0
1168,387,0
1169,1147,0
1170,4,0
1170,1146,0
1170,1147,0
1170,1148,0
1171,1146,0
1171,1147,0
1172,310,0
1172,333,0
1172,1145,0
1173,1144,0
1173,1145,0
1174,1143,0
1175,74,0
1177,400,0
1177,411,0
1177,435,0
1177,443,0
1178,218,0
1178,219,0
1180,86,0
1180,113,0
1180,752,0
1181,89,0
1181,245,0
1181,300,0
1182,793,0
1182,810,0
1183,50,0
1183,54,0
1183,55,0
1183,794,0
1183,807,0
1184,13,0
1184,14,0
1184,15,0
1184,35,0
1184,36,0
1185,37,0
1187,362,0
1187,1158,0
1189,609,0
1189,635,0
1189,863,0
1189,868,0
1190,608,0
1190,638,0
1193,421,0
1197,172,0
1197,525,0
1197,873,0
1198,525,0
1200,4,0
1200,196,0
1201,71,0
1201,321,0
1201,322,0
1203,1152,0
1203,1165,0
1205,126,0
1205,310,0
1205,333,0
1205,536,0
1205,539,0
1206,310,0
1206,333,0
1206,1144,0
1206,1145,0
1206,1172,0
1206,1173,0
1207,310,0
1207,311,0
1207,332,0
1207,333,0
1209,396,0
1209,439,0
1209,488,0
1210,394,0
1210,420,0
1210,441,0
1210,453,0
1211,419,0
1211,454,0
1211,1013,0
1211,1024,0
1212,1016,0
1212,1027,0
1215,668,0
1215,669,0
1216,594,0
1216,626,0
1216,1030,0
1219,696,0
1219,1127,0
1219,1129,0
1222,594,0
1222,626,0
1222,1030,0
1223,668,0
1223,669,0
1226,1016,0
1226,1027,0
1227,419,0
1227,454,0
1227,1013,0
1227,1024,0
1228,394,0
1228,420,0
1228,441,0
1228,453,0
1229,396,0
1229,439,0
1229,488,0
1231,310,0
1231,311,0
1231,332,0
1231,333,0
1232,310,0
1232,333,0
1232,1144,0
1232,1145,0
1232,1172,0
1232,1173,0
1233,126,0
1233,310,0
1233,333,0
1233,536,0
1233,539,0
1235,1152,0
1235,1165,0
1237,71,0
1237,321,0
1237,322,0
1238,4,0
1238,196,0
1238,1200,0
1239,1199,0
1240,525,0
1241,525,0
1241,873,0
1245,421,0
1248,608,0
1248,638,0
1250,828,0
1250,1130,0
1251,11,0
1251,38,0
1251,405,0
1251,431,0
1253,268,0
1253,302,0
1253,384,0
1254,338,0
1254,383,0
1255,8,0
1255,41,0
1255,409,0
1255,447,0
1258,346,0
1258,347,0
1258,374,0
1258,375,0
1260,196,0
1261,4,0
1261,196,0
1261,1147,0
1261,1170,0
1261,1260,0
1262,4,0
1262,322,0
1262,547,0
1262,1147,0
1262,1170,0
1262,1261,0
1267,307,0
1267,337,0
1267,1153,0
1267,1164,0
1271,886,0
1271,896,0
1271,897,0
1276,886,0
1276,896,0
1276,897,0
1278,1269,0
1280,307,0
1280,337,0
1280,1153,0
1280,1164,0
1285,4,0
1285,322,0
1285,547,0
1285,1147,0
1285,1170,0
1285,1262,0
1286,4,0
1286,1147,0
1286,1170,0
1286,1260,0
1286,1261,0
1286,1285,0
1287,196,0
1287,1260,0
1287,1261,0
1287,1286,0
1289,346,0
1289,347,0
1289,374,0
1289,375,0
1292,8,0
1292,41,0
1292,409,0
1292,447,0
1293,338,0
1293,383,0
1294,268,0
1294,302,0
1294,384,0
1296,11,0
1296,38,0
1296,405,0
1296,431,0
1297,828,0
1297,1130,0
1298,566,0
1298,574,0
1298,575,0
1306,1012,0
1336,210,0
1336,241,0
1337,1298,0
1343,1127,0
1343,1219,0
1348,1130,0
1348,1250,0
1348,1297,0
1353,1217,0
1353,1221,0
1355,1217,0
1355,1221,0
1360,1216,0
1360,1222,0
1361,1095,0
1362,1068,0
1362,1069,0
1363,4,0
1363,1200,0
1363,1238,0
1363,1260,0
1363,1261,0
1363,1287,0
1406,4,0
1406,547,0
1406,1147,0
1406,1170,0
1406,1200,0
1406,1238,0
1406,1262,0
1406,1285,0
1407,1321,0
1408,1321,0
1425,1092,0
1426,1056,0
1432,1261,0
1432,1287,0
1433,66,0
1433,67,0
1433,107,0
1434,66,0
1434,67,0
1434,107,0
1434,1433,0
1435,66,0
1435,67,0
1435,107,0
1435,1433,0
1435,1434,0
1436,1430,0
1437,1431,0
1438,1286,0
1438,1287,0
1438,1432,0
1439,66,0
1439,67,0
1439,107,0
1439,1433,0
1439,1434,0
1439,1435,0
1440,1321,0
1440,1323,0
1440,1407,0
1440,1408,0
1447,1430,0
1447,1431,0
1447,1436,0
1447,1437,0
1449,73,0
1449,74,0
1449,1142,0
1449,1175,0
1450,1431,0
1450,1437,0
1450,1447,0
1451,73,0
1451,1143,0
1451,1174,0
1451,1430,0
1451,1436,0
1452,268,0
1452,384,0
1452,1253,0
1452,1294,0
1465,1056,0
1465,1092,0
1470,274,0
1470,1116,0
1474,1158,0
1474,1187,0
1475,365,0
1475,386,0
1475,1151,0
1475,1166,0
1483,419,0
1483,454,0
1483,1013,0
1483,1024,0
1483,1211,0
1483,1227,0
1486,1154,0
1486,1155,0
1486,1162,0
1486,1163,0
1488,419,0
1488,454,0
1488,1013,0
1488,1024,0
1488,1211,0
1488,1227,0
1489,625,0
1491,643,0
1491,1490,0
1492,643,0
1492,1490,0
1511,1249,0
1516,1249,0
1529,1521,0
1532,1524,0
1534,1269,0
1534,1278,0
1535,1274,0
1536,1274,0
1537,1269,0
1537,1278,0
1543,1538,0
1551,998,0
1552,635,0
1557,1551,0
1558,609,0
1558,1189,0
1562,635,0
1562,1189,0
1562,1552,0
1562,1558,0
1563,609,0
1563,1189,0
1563,1552,0
1563,1558,0
1564,682,0
1564,712,0
1564,722,0
1567,682,0
1567,712,0
1570,4,0
1570,196,0
1570,1200,0
1570,1238,0
1570,1260,0
1570,1287,0
1570,1363,0
1575,1043,0
1575,1079,0
1577,964,0
1577,965,0
1577,973,0
1578,965,0
1578,966,0
1579,977,0
1580,968,0
1580,978,0
1581,968,0
1581,969,0
1581,978,0
1582,968,0
1582,969,0
1582,970,0
1583,969,0
1583,970,0
1583,975,0
1584,966,0
1585,970,0
1585,975,0
1587,1578,0
1587,1584,0
1588,362,0
1588,1158,0
1588,1187,0
1588,1474,0
1603,1597,0
1606,1139,0
1606,1178,0
1607,1139,0
1607,1178,0
1611,1036,0
1612,696,0
1612,1219,0
1613,1219,0
1613,1343,0
1615,421,0
1615,1193,0
1615,1245,0
1616,1157,0
1616,1160,0
1617,362,0
1617,1157,0
1617,1158,0
1617,1160,0
1617,1187,0
1617,1588,0
1617,1616,0
1618,1538,0
1619,1543,0
1628,1126,0
1628,1128,0
1628,1572,0
1628,1574,0
1654,1007,0
1654,1653,0
1655,1143,0
1655,1174,0
1655,1430,0
1655,1436,0
1658,272,0
1658,304,0
1658,305,0
1659,265,0
1662,1199,0
1662,1239,0
1663,196,0
1663,1200,0
1663,1238,0
1663,1260,0
1663,1363,0
1663,1406,0
1663,1570,0
1665,1199,0
1665,1239,0
1665,1662,0
1667,237,0
1667,452,0
1667,563,0
1668,214,0
1668,554,0
1668,555,0
1668,1667,0
1671,289,0
1671,373,0
1671,1450,0
1674,196,0
1674,1147,0
1674,1170,0
1674,1200,0
1674,1238,0
1674,1261,0
1674,1262,0
1674,1285,0
1674,1286,0
1674,1363,0
1674,1406,0
1674,1663,0
1675,196,0
1675,1147,0
1675,1170,0
1675,1200,0
1675,1238,0
1675,1261,0
1675,1262,0
1675,1285,0
1675,1286,0
1675,1406,0
1675,1570,0
1675,1674,0
1676,66,0
1676,67,0
1676,107,0
1676,1433,0
1676,1434,0
1676,1435,0
1676,1439,0
1677,66,0
1677,67,0
1677,107,0
1677,1433,0
1677,1434,0
1677,1435,0
1677,1439,0
1678,517,0
1678,518,0
1678,519,0
1734,74,0
1734,205,0
1736,223,0
1736,224,0
1737,223,0
1737,224,0
1737,1736,0
1745,1132,0
1745,1185,0
1748,1132,0
1748,1185,0
1752,715,0
1752,720,0
1764,1763,0
1767,1766,0
1770,325,0
1770,423,0
1771,1719,0
1772,317,0
1772,460,0
1773,1479,0
1774,355,0
1774,356,0
1774,1473,0
1775,355,0
1775,1473,0
1776,365,0
1776,386,0
1776,1151,0
1776,1166,0
1776,1475,0
1777,365,0
1777,386,0
1777,1150,0
1777,1151,0
1777,1166,0
1777,1167,0
1777,1475,0
1777,1776,0
1778,1773,0
1779,348,0
1779,370,0
1780,415,0
1780,416,0
1780,456,0
1780,457,0
1782,1473,0
1782,1719,0
1782,1771,0
1782,1775,0
1784,668,0
1784,669,0
1784,1215,0
1784,1223,0
1785,1479,0
1785,1773,0
1785,1778,0
1786,348,0
1786,370,0
1787,415,0
1787,416,0
1787,456,0
1787,457,0
1789,1473,0
1789,1719,0
1789,1771,0
1789,1775,0
1791,668,0
1791,669,0
1791,1215,0
1791,1223,0
1800,821,0
1800,829,0
1800,850,0
1801,829,0
1801,839,0
1801,850,0
1801,1800,0
1804,365,0
1804,386,0
1804,1151,0
1804,1166,0
1804,1776,0
1819,1197,0
1819,1198,0
1819,1240,0
1819,1241,0
1820,1208,0
1820,1230,0
1821,1141,0
1821,1176,0
1822,420,0
1822,453,0
1822,1210,0
1822,1228,0
1823,1208,0
1823,1230,0
1824,1141,0
1824,1142,0
1824,1175,0
1824,1176,0
1829,271,0
1829,272,0
1829,304,0
1830,287,0
1830,1826,0
1835,46,0
1836,475,0
1837,483,0
1841,481,0
1842,485,0
1845,1604,0
1848,1158,0
1848,1187,0
1848,1474,0
1848,1588,0
1849,1805,0
1849,1806,0
1850,441,0
1850,453,0
1850,1210,0
1850,1228,0
1850,1822,0
1851,439,0
1851,1209,0
1851,1229,0
1852,362,0
1852,1158,0
1852,1187,0
1852,1474,0
1852,1588,0
1853,396,0
1853,488,0
1853,1209,0
1853,1229,0
1854,394,0
1854,420,0
1854,1210,0
1854,1228,0
1854,1822,0
1855,1805,0
1855,1806,0
1856,1805,0
1856,1806,0
1857,242,0
1857,1825,0
1858,1196,0
1858,1242,0
1859,1196,0
1859,1242,0
1860,1200,0
1860,1238,0
1860,1260,0
1860,1363,0
1860,1406,0
1860,1570,0
1860,1674,0
1860,1675,0
1861,226,0
1861,1825,0
1862,1196,0
1862,1242,0
1864,728,0
1864,776,0
1867,740,0
1871,1865,0
1872,1865,0
1873,740,0
1874,740,0
1877,776,0
1877,1864,0
1880,1864,0
1880,1877,0
1883,1015,0
1891,1865,0
1891,1866,0
1891,1871,0
1891,1872,0
1892,728,0
1892,776,0
1892,1864,0
1892,1877,0
1892,1880,0
1895,187,0
1895,209,0
1896,1597,0
1896,1603,0
1896,1838,0
1896,1844,0
1898,400,0
1898,411,0
1898,435,0
1898,443,0
1898,1140,0
1898,1177,0
1899,196,0
1899,1287,0
1899,1363,0
1899,1570,0
1899,1663,0
1899,1860,0
1900,287,0
1900,1826,0
1900,1830,0
1901,286,0
1901,1797,0
1902,259,0
1902,284,0
1902,1336,0
1902,1798,0
1903,210,0
1903,241,0
1904,555,0
1904,563,0
1904,1669,0
1907,1116,0
1907,1125,0
1908,1881,0
1908,1882,0
1909,1885,0
1909,1890,0
1910,1885,0
1910,1890,0
1911,1881,0
1911,1882,0
1912,1116,0
1912,1125,0
1915,555,0
1915,563,0
1915,1669,0
1916,210,0
1916,241,0
1917,259,0
1917,284,0
1917,551,0
1917,1336,0
1917,1798,0
1918,286,0
1918,1797,0
1919,287,0
1919,1826,0
1919,1830,0
1920,196,0
1920,1363,0
1920,1570,0
1921,196,0
1921,1200,0
1921,1238,0
1921,1260,0
1921,1261,0
1921,1286,0
1921,1287,0
1921,1363,0
1921,1570,0
1921,1663,0
1921,1860,0
1922,400,0
1922,411,0
1922,435,0
1922,443,0
1922,1140,0
1922,1177,0
1924,1597,0
1924,1603,0
1924,1838,0
1924,1844,0
1925,187,0
1925,209,0
1928,728,0
1928,776,0
1928,1864,0
1928,1877,0
1928,1880,0
